1606325061 78
1606325091 78
1606328638 189
1606507434 195
1606593518 296
1606594200 331
1606594933 340
1606595545 340
1606595705 343
1606675334 464
1606680726 545
1606730182 586
1606766498 603
1606803679 645
1606841022 682
1606847955 685
1606853067 700
1606858411 788
1606893123 842
1606902251 853
1606908020 863
1606914524 1059
1606920706 1211
1606920988 1215
1606922446 1905
1606922993 1905
1606923041 1905
1606926079 1916
1606930553 2006
1606931895 2014
1606937629 2025
1606937659 2028
1606941097 2038
1606941108 2132
1606941759 2132
1606943950 2132
1606943978 3147
1606944706 3147
1606948341 3148
1606948490 3150
